Sequence   		tRNA	Bounds	tRNA	Anti	Intron Bounds	Inf	HMM	2'Str	      
Name       	tRNA #	Begin	End 	Type	Codon	Begin	End	Score	Score	Score	Note
--------   	------	-----	------	----	-----	-----	----	------	-----	-----	------
DF837322.1 	1	359 	430 	Ala	CGC	0	0	63.8	34.60	29.20	
DF837318.1 	1	1474	1401	Ser	GCT	0	0	49.1	20.90	28.20	
DF837230.1 	1	12  	82  	His	GTG	0	0	56.8	31.60	25.20	
DF837218.1 	1	36  	107 	Ala	TGC	0	0	50.3	18.10	32.20	
DF837218.1 	2	147 	220 	Pro	TGG	0	0	46.4	9.20	37.20	pseudo
DF837218.1 	3	498 	568 	Arg	TCT	0	0	39.6	12.00	27.60	
DF837218.1 	4	694 	777 	Leu	TAG	0	0	40.7	0.00	40.70	pseudo
DF837218.1 	5	882 	953 	Asp	GTC	0	0	54.0	33.20	20.80	
DF837218.1 	6	1516	1588	Arg	TCG	0	0	51.7	27.50	24.20	
DF837218.1 	7	1604	1676	His	GTG	0	0	57.6	31.10	26.50	
DF837218.1 	8	1153	1080	Gly	TCC	0	0	43.1	16.10	27.00	
DF837155.1 	1	646 	574 	Met	CAT	0	0	80.0	60.20	19.80	
DF837136.1 	1	2181	2109	Arg	ACG	0	0	67.9	47.90	20.00	
DF837100.1 	1	271 	199 	Thr	AGT	0	0	72.1	48.20	23.90	
DF836982.1 	1	3672	3744	Arg	ACG	0	0	67.9	47.90	20.00	
DF836975.1 	1	416 	345 	Asp	GTC	0	0	65.3	34.90	30.40	
DF836945.1 	1	725 	798 	Val	AAC	0	0	72.1	39.10	33.00	
DF836930.1 	1	4244	4171	Ser	AGA	0	0	49.8	21.50	28.30	
DF836929.1 	1	486 	414 	Thr	TGT	0	0	52.3	22.20	30.10	
DF836887.1 	1	190 	262 	iMet	CAT	0	0	52.6	22.60	30.00	
DF836886.1 	1	279 	349 	Val	TAC	0	0	48.7	7.50	41.20	pseudo
DF836886.1 	2	467 	550 	Ser	GCT	0	0	46.7	21.90	24.80	
DF836886.1 	3	1116	1188	Lys	TTT	0	0	46.3	24.00	22.30	
DF836886.1 	4	1288	1360	Trp	CCA	0	0	42.7	15.80	26.90	
DF836886.1 	5	1569	1641	Ile	GAT	0	0	56.8	23.10	33.70	
DF836886.1 	6	1803	1874	Ser	TGA	0	0	45.4	18.60	26.80	
DF836886.1 	7	1989	2060	Phe	GAA	0	0	55.8	35.40	20.40	
DF836879.1 	1	4895	4825	Asn	GTT	0	0	54.3	25.80	28.50	
DF836778.1 	1	9281	9210	Glu	TTC	0	0	36.7	15.90	20.80	
DF836778.1 	2	1906	1834	Cys	GCA	0	0	37.9	11.00	26.90	
DF836778.1 	3	1368	1298	Met	CAT	0	0	50.1	20.70	29.40	
DF836778.1 	4	584 	514 	Met	CAT	0	0	39.6	14.40	25.20	
DF836778.1 	5	344 	263 	Leu	TAA	0	0	41.6	11.80	29.80	
DF836764.1 	1	10126	10053	Asn	GTT	0	0	76.1	54.20	21.90	
DF836740.1 	1	1264	1337	Ile	AAT	0	0	74.2	39.40	34.80	
DF836734.1 	1	1710	1781	Glu	CTC	0	0	66.2	37.70	28.50	
DF836722.1 	1	1958	1885	Asn	GTT	0	0	76.1	54.20	21.90	
DF836709.1 	1	15091	15018	Ser	GCT	0	0	49.1	20.90	28.20	
DF836704.1 	1	9165	9251	Tyr	GTA	9206	9215	49.8	26.30	23.50	
DF836695.1 	1	19066	18994	Gln	CTG	0	0	61.6	34.80	26.80	
DF836671.1 	1	19123	19052	Gln	TTG	0	0	64.4	40.10	24.30	
DF836667.1 	1	23299	23381	Leu	AAG	0	0	63.4	37.40	26.00	
DF836666.1 	1	2382	2455	Val	AAC	0	0	72.1	39.10	33.00	
DF836658.1 	1	24798	24868	His	GTG	0	0	56.8	31.60	25.20	
DF836645.1 	1	3246	3316	Gly	GCC	0	0	66.5	40.60	25.90	
DF836632.1 	1	2029	2099	Gly	TCC	0	0	63.3	36.30	27.00	
DF836627.1 	1	9502	9573	Gln	TTG	0	0	64.4	40.10	24.30	
DF836627.1 	2	30050	29979	Gln	TTG	0	0	64.4	40.10	24.30	
DF836620.1 	1	1   	74  	Ser	AGA	0	0	49.8	21.50	28.30	
DF836618.1 	1	7773	7845	Thr	AGT	0	0	72.1	48.20	23.90	
DF836614.1 	1	23268	23350	Tyr	GTA	23305	23314	65.4	25.90	39.50	
DF836603.1 	1	2353	2283	Gly	GCC	0	0	66.5	40.60	25.90	
DF836591.1 	1	40194	40121	Ile	AAT	0	0	74.2	39.40	34.80	
DF836589.1 	1	36081	36010	Asp	GTC	0	0	65.3	34.80	30.50	
DF836583.1 	1	27153	27083	Gly	GCC	0	0	66.5	40.60	25.90	
DF836582.1 	1	8078	8151	Ile	AAT	0	0	74.2	39.40	34.80	
DF836577.1 	1	45783	45711	Lys	CTT	0	0	80.9	59.70	21.20	
DF836576.1 	1	42612	42540	Lys	CTT	0	0	80.9	59.70	21.20	
DF836560.1 	1	49800	49729	Pro	AGG	0	0	71.2	47.40	23.80	
DF836553.1 	1	48627	48556	Glu	TTC	0	0	60.3	29.70	30.60	
DF836547.1 	1	16511	16441	His	GTG	0	0	56.8	31.60	25.20	
DF836537.1 	1	45832	45904	Trp	CCA	0	0	74.9	46.90	28.00	
DF836532.1 	1	57543	57471	Ala	AGC	0	0	54.8	34.60	20.20	
DF836526.1 	1	51340	51269	Asp	GTC	0	0	65.3	34.80	30.50	
DF836525.1 	1	213 	295 	Leu	AAG	0	0	69.3	40.00	29.30	
DF836518.1 	1	6859	6931	Arg	ACG	0	0	67.9	47.90	20.00	
DF836517.1 	1	60360	60288	Arg	ACG	0	0	67.9	47.90	20.00	
DF836513.1 	1	58271	58198	Ile	AAT	0	0	74.2	39.40	34.80	
DF836511.1 	1	25307	25388	Ser	AGA	0	0	71.7	36.40	35.30	
DF836510.1 	1	52323	52251	Ala	AGC	0	0	54.8	34.60	20.20	
DF836509.1 	1	49091	49161	Gly	GCC	0	0	66.5	40.60	25.90	
DF836506.1 	1	30296	30224	iMet	CAT	0	0	52.6	22.60	30.00	
DF836505.1 	1	65061	64989	Trp	CCA	0	0	74.9	46.90	28.00	
DF836503.1 	1	7640	7711	Glu	CTC	0	0	66.2	37.70	28.50	
DF836502.1 	1	7122	7195	Ile	AAT	0	0	74.2	39.40	34.80	
DF836501.1 	1	15899	15828	Glu	CTC	0	0	66.2	37.70	28.50	
DF836499.1 	1	6263	6191	Ala	AGC	0	0	54.8	34.60	20.20	
DF836496.1 	1	43439	43369	His	GTG	0	0	56.8	31.60	25.20	
DF836484.1 	1	25960	26042	Leu	AAG	0	0	69.3	40.00	29.30	
DF836484.1 	2	75878	75806	Arg	ACG	0	0	67.9	47.90	20.00	
DF836479.1 	1	30001	29929	Lys	CTT	0	0	80.9	59.70	21.20	
DF836476.1 	1	79411	79483	Lys	CTT	0	0	80.9	59.70	21.20	
DF836472.1 	1	18223	18294	Asp	GTC	0	0	65.3	34.80	30.50	
DF836467.1 	1	79625	79552	Arg	TCT	0	0	63.5	41.10	22.40	
DF836467.1 	2	30049	29956	Ile	TAT	30011	29992	75.8	50.10	25.70	
DF836464.1 	1	45932	46005	Asn	GTT	0	0	76.1	54.20	21.90	
DF836464.1 	2	79437	79508	Glu	TTC	0	0	60.3	29.70	30.60	
DF836464.1 	3	35328	35257	Glu	CTC	0	0	66.2	37.70	28.50	
DF836464.1 	4	7070	6990	Leu	CAG	0	0	64.3	37.00	27.30	
DF836462.1 	1	2802	2730	Lys	CTT	0	0	80.9	59.70	21.20	
DF836461.1 	1	62175	62095	Leu	TAG	0	0	72.0	43.80	28.20	
DF836460.1 	1	33473	33555	Tyr	GTA	33508	33517	47.9	21.80	26.10	
DF836456.1 	1	707 	779 	Lys	TTT	0	0	85.4	61.30	24.10	
DF836456.1 	2	40654	40726	Met	CAT	0	0	80.0	60.20	19.80	
DF836453.1 	1	76962	76892	Gly	GCC	0	0	66.5	40.60	25.90	
DF836452.1 	1	20267	20339	Arg	ACG	0	0	67.9	47.90	20.00	
DF836449.1 	1	18587	18515	Phe	GAA	0	0	67.3	46.10	21.20	
DF836447.1 	1	64142	64224	Tyr	GTA	64179	64188	54.6	25.90	28.70	
DF836447.1 	2	92002	91937	Leu	CAA	0	0	35.5	0.00	35.50	pseudo
DF836442.1 	1	26857	26930	Val	TAC	0	0	69.8	39.10	30.70	
DF836436.1 	1	89355	89427	Ala	AGC	0	0	54.8	34.60	20.20	
DF836432.1 	1	4966	4893	Asn	GTT	0	0	76.1	54.20	21.90	
DF836425.1 	1	58123	58193	Gly	GCC	0	0	66.5	40.60	25.90	
DF836425.1 	2	18193	18122	Glu	CTC	0	0	66.2	37.70	28.50	
DF836424.1 	1	47432	47513	Ser	CGA	0	0	72.6	44.70	27.90	
DF836420.1 	1	97568	97641	Ile	AAT	0	0	74.2	39.40	34.80	
DF836416.1 	1	94416	94488	Thr	AGT	0	0	72.1	48.20	23.90	
DF836411.1 	1	4359	4281	Ser	AGA	0	0	63.6	31.80	31.80	
DF836406.1 	1	102735	102656	Leu	CAA	0	0	58.2	33.50	24.70	
DF836403.1 	1	489 	559 	His	GTG	0	0	56.8	31.60	25.20	
DF836400.1 	1	81997	82071	Thr	CGT	0	0	60.5	36.40	24.10	
DF836398.1 	1	80870	80943	Val	AAC	0	0	72.1	39.10	33.00	
DF836398.1 	2	89626	89553	Val	AAC	0	0	72.1	39.10	33.00	
DF836397.1 	1	52901	52830	Pro	AGG	0	0	71.2	47.40	23.80	
DF836395.1 	1	24744	24672	Gln	CTG	0	0	61.6	34.80	26.80	
DF836387.1 	1	73046	72974	Thr	AGT	0	0	72.1	48.20	23.90	
DF836386.1 	1	31717	31787	Gly	TCC	0	0	63.3	36.30	27.00	
DF836383.1 	1	19378	19307	Pro	AGG	0	0	71.2	47.40	23.80	
DF836382.1 	1	122504	122432	Phe	GAA	0	0	67.3	46.10	21.20	
DF836381.1 	1	6615	6543	Met	CAT	0	0	80.0	60.20	19.80	
DF836379.1 	1	122240	122167	Val	AAC	0	0	72.1	39.10	33.00	
DF836379.1 	2	78446	78373	Val	AAC	0	0	72.1	39.10	33.00	
DF836375.1 	1	80818	80890	Ala	AGC	0	0	54.8	34.60	20.20	
DF836373.1 	1	41902	41830	Lys	CTT	0	0	80.9	59.70	21.20	
DF836370.1 	1	128859	128786	Asn	GTT	0	0	76.1	54.20	21.90	
DF836367.1 	1	134409	134345	Ser	TGA	0	0	42.9	0.00	42.90	pseudo
DF836364.1 	1	90638	90708	Gly	GCC	0	0	66.5	40.60	25.90	
DF836360.1 	1	116752	116680	Thr	AGT	0	0	72.1	48.20	23.90	
DF836359.1 	1	88665	88592	Val	CAC	0	0	61.1	22.50	38.60	
DF836358.1 	1	79757	79684	Ser	AGA	0	0	49.8	21.50	28.30	
DF836355.1 	1	97747	97676	Cys	GCA	0	0	76.6	48.70	27.90	
DF836353.1 	1	83903	83974	Thr	TGT	0	0	69.1	43.80	25.30	
DF836351.1 	1	70654	70724	Gly	GCC	0	0	66.5	40.60	25.90	
DF836351.1 	2	147271	147343	Ala	AGC	0	0	54.8	34.60	20.20	
DF836349.1 	1	67952	68034	Tyr	GTA	67989	67998	67.2	27.60	39.60	
DF836348.1 	1	95656	95729	Ile	AAT	0	0	74.2	39.40	34.80	
DF836346.1 	1	102427	102355	Arg	ACG	0	0	67.9	47.90	20.00	
DF836345.1 	1	54698	54627	Glu	CTC	0	0	66.2	37.70	28.50	
DF836345.1 	2	72  	1   	Lys	CTT	0	0	76.1	55.00	21.10	
DF836344.1 	1	144434	144506	Ala	AGC	0	0	54.8	34.60	20.20	
DF836343.1 	1	4119	4190	Gln	TTG	0	0	64.4	40.10	24.30	
DF836343.1 	2	72834	72915	Ser	TGA	0	0	79.6	41.60	38.00	
DF836343.1 	3	88561	88633	Arg	ACG	0	0	67.9	47.90	20.00	
DF836341.1 	1	129886	129815	Gln	TTG	0	0	64.4	40.10	24.30	
DF836341.1 	2	102248	102175	Arg	TCT	0	0	63.5	41.10	22.40	
DF836337.1 	1	74587	74669	Leu	AAG	0	0	69.3	40.00	29.30	
DF836337.1 	2	111728	111810	Leu	CAA	0	0	70.7	41.80	28.90	
DF836335.1 	1	112055	112126	Asp	GTC	0	0	65.3	34.80	30.50	
DF836335.1 	2	48201	48128	Val	CAC	0	0	61.1	22.50	38.60	
DF836333.1 	1	55281	55353	Trp	CCA	0	0	74.9	46.90	28.00	
DF836333.1 	2	167815	167744	Cys	GCA	0	0	76.6	48.70	27.90	
DF836324.1 	1	84446	84375	Asp	GTC	0	0	65.3	34.80	30.50	
DF836319.1 	1	46746	46817	Cys	GCA	0	0	76.6	48.70	27.90	
DF836319.1 	2	99512	99584	Pro	CGG	0	0	55.3	32.90	22.40	
DF836318.1 	1	7310	7238	Arg	ACG	0	0	67.9	47.90	20.00	
DF836311.1 	1	30416	30344	Ala	TGC	0	0	73.7	46.60	27.10	
DF836310.1 	1	213741	213670	Gln	TTG	0	0	64.4	40.10	24.30	
DF836308.1 	1	2173	2245	iMet	CAT	0	0	52.6	22.30	30.30	
DF836308.1 	2	35960	36033	Ile	AAT	0	0	74.2	39.40	34.80	
DF836307.1 	1	52849	52922	Asn	GTT	0	0	76.1	54.20	21.90	
DF836307.1 	2	140684	140755	Glu	TTC	0	0	60.3	29.70	30.60	
DF836305.1 	1	231157	231079	Ser	AGA	0	0	63.6	31.80	31.80	
DF836302.1 	1	127230	127300	Gly	GCC	0	0	66.5	40.60	25.90	
DF836301.1 	1	283 	355 	Lys	TTT	0	0	81.7	61.60	20.10	
DF836301.1 	2	216726	216655	Glu	CTC	0	0	66.2	37.70	28.50	
DF836300.1 	1	79379	79450	Pro	TGG	0	0	62.3	40.30	22.00	
DF836300.1 	2	93379	93308	Pro	TGG	0	0	62.3	40.30	22.00	
DF836297.1 	1	292530	292458	Arg	CCT	0	0	64.9	60.00	4.90	
DF836297.1 	2	98467	98396	Thr	TGT	0	0	69.1	43.80	25.30	
DF836294.1 	1	309185	309258	Val	TAC	0	0	69.8	39.10	30.70	
DF836294.1 	2	317877	317805	Lys	CTT	0	0	80.9	59.70	21.20	
DF836293.1 	1	455922	455849	Asn	GTT	0	0	76.1	54.20	21.90	
DF836292.1 	1	21917	21989	Phe	GAA	0	0	67.3	46.10	21.20	
DF836292.1 	2	243821	243751	Gly	GCC	0	0	66.5	40.60	25.90	
DF836291.1 	1	43822	43894	Phe	GAA	0	0	67.3	46.10	21.20	
DF836290.1 	1	537952	537881	Pro	AGG	0	0	71.2	47.40	23.80	
DF836290.1 	2	271828	271755	Val	AAC	0	0	72.1	39.10	33.00	
DF836290.1 	3	261984	261912	Lys	CTT	0	0	80.9	59.70	21.20	
