tRNAscanID	Anticodon_predicted_isotype	Ala	Arg	Asn	Asp	Cys	Gln	Glu	Gly	His	Ile	Leu	Lys	Met	Phe	Pro	SeC	Ser	Thr	Trp	Tyr	Val	iMet
EQ966233.1.trna1	Tyr	45.7	62.5	52.1	24.3	67.0	28.5	12.8	33.2	43.8	66.2	-9.5	65.0	69.9	85.6	26.2	-999	-10.2	75.4	46.8	100.3	50.7	-0.2
EQ966233.1.trna2	Ala	94.6	40.9	25.1	46.3	54.0	26.6	13.3	51.6	28.9	35.7	3.1	24.1	49.3	21.1	63.2	-999	-8.7	56.4	51.0	5.8	45.4	-24.0
EQ966233.1.trna3	Thr	63.3	49.6	44.8	22.0	64.2	10.9	14.7	37.6	40.2	57.8	-999	55.6	54.6	58.9	29.7	-999	-8.3	85.5	68.4	55.7	35.5	-17.0
EQ966233.1.trna4	Glu	49.9	44.3	4.8	72.1	33.4	39.6	91.3	71.2	57.2	8.0	2.7	-999	19.3	-999	41.2	-999	4.8	47.3	47.0	-999	43.9	-999
EQ966233.1.trna5	Glu	25.8	51.9	17.3	63.0	-999	33.9	84.1	45.4	39.9	2.3	-999	-3.3	8.8	-999	15.0	-999	-11.7	34.7	39.7	-999	27.6	-999
EQ966233.1.trna6	iMet	31.0	30.2	21.1	-999	31.7	-8.4	-999	-999	20.5	45.9	-999	24.7	61.6	28.0	-999	-999	-11.1	54.8	22.9	45.9	31.8	95.6
EQ966233.1.trna7	Gly	36.4	26.1	7.6	19.2	19.6	33.2	41.4	80.5	48.9	20.2	21.9	-0.8	3.5	-7.4	25.6	-999	8.4	32.5	21.1	10.3	32.1	-999
EQ966233.1.trna8	Leu	18.5	-2.4	-18.4	-3.1	25.1	8.3	-999	-999	7.7	6.1	-999	-4.2	-1.9	-2.6	4.6	-999	-999	14.9	-4.8	-2.8	-1.9	-999
EQ966233.1.trna9	Leu	45.8	16.6	10.8	9.2	38.8	8.3	-999	1.4	9.8	22.5	-12.1	18.5	15.9	18.9	27.3	-999	-11.4	32.9	15.8	18.1	8.7	-22.4
EQ966233.1.trna10	Ser	10.3	59.4	17.4	17.9	43.1	39.3	6.8	34.2	45.2	28.3	67.9	0.1	3.5	-0.4	-5.6	-18.7	97.5	50.1	37.4	44.5	33.1	-999
EQ966234.1.trna1	Leu	31.4	54.2	6.1	10.3	48.9	39.9	-3.4	34.1	63.5	58.3	113.2	12.1	22.7	14.9	9.9	-999	81.5	53.4	38.3	54.3	28.0	-999
EQ966234.1.trna2	Leu	52.4	17.9	15.0	17.0	41.3	15.1	-999	5.4	14.2	28.4	-5.2	21.9	21.3	25.2	35.9	-999	-6.0	37.8	21.0	18.8	13.9	-999
EQ966234.1.trna3	Leu	52.4	17.9	15.0	17.0	41.3	15.1	-999	5.4	14.2	28.4	-5.2	21.9	21.3	25.2	35.9	-999	-6.0	37.8	21.0	18.8	13.9	-999
EQ966234.1.trna4	Leu	52.4	17.9	15.0	17.0	41.3	15.1	-999	5.4	14.2	28.4	-5.2	21.9	21.3	25.2	35.9	-999	-6.0	37.8	21.0	18.8	13.9	-999
EQ966234.1.trna5	His	5.0	37.5	9.4	20.9	-999	21.2	14.5	34.3	78.2	38.1	8.5	-999	12.6	-999	7.0	-999	-7.6	35.4	11.3	10.1	37.6	-26.7
EQ966234.1.trna6	Gln	58.4	55.3	29.3	60.9	40.8	92.4	54.2	49.0	70.9	49.6	13.5	11.1	26.7	6.3	41.9	-999	32.6	58.2	36.6	16.6	59.0	-999
EQ966235.1.trna1	Gly	43.0	52.3	11.7	24.4	39.6	36.1	43.9	78.4	40.3	40.2	24.4	20.3	25.7	-999	38.5	-999	18.2	51.4	53.6	29.6	35.5	-20.5
EQ966235.1.trna2	Asp	37.6	40.7	21.0	80.4	-999	42.0	60.3	53.7	54.5	15.0	-999	13.3	22.4	-999	17.3	-999	-999	45.1	18.1	-999	26.9	-999
EQ966236.1.trna1	Ala	86.0	41.1	13.6	36.5	29.2	46.8	26.6	52.0	41.7	27.2	-999	-999	22.3	2.7	55.5	-999	2.6	53.0	28.3	5.5	69.8	-999
EQ966236.1.trna2	Cys	58.7	56.9	50.8	11.6	85.2	48.8	7.2	36.3	55.9	46.2	3.5	53.4	48.0	68.8	30.1	-999	4.8	74.6	61.9	67.0	45.9	-999
EQ966236.1.trna3	Leu	30.1	38.0	-3.4	0.5	38.1	32.5	-5.4	26.3	53.5	51.7	108.9	-1.8	15.4	0.2	17.3	-999	77.4	50.7	38.2	42.1	16.7	-26.9
EQ966236.1.trna4	Thr	55.0	56.1	52.2	21.3	50.7	-999	23.9	34.0	33.3	61.3	-999	64.1	55.8	38.4	26.9	-999	-999	82.9	59.4	53.8	31.7	-18.5
EQ966236.1.trna5	Arg	16.3	73.5	44.3	-13.4	26.8	20.0	-999	12.6	14.3	39.1	4.0	25.6	32.9	-4.3	-7.9	-999	-1.2	44.9	45.8	10.6	29.8	-28.2
EQ966238.1.trna1	Val	52.3	64.0	37.4	23.8	36.2	51.2	25.4	43.3	53.2	54.6	21.0	0.9	52.2	23.9	42.1	-999	29.3	69.6	37.4	37.2	89.1	-999
EQ966238.1.trna2	Val	57.4	67.5	38.2	24.0	44.8	53.8	31.7	41.0	54.1	58.3	22.8	7.2	61.4	34.1	50.6	-999	28.6	77.2	41.8	45.5	94.8	-999
EQ966238.1.trna3	Val	52.2	67.4	39.0	23.8	38.2	46.9	31.9	42.4	41.8	55.5	11.7	14.0	63.2	25.9	41.4	-999	21.6	71.2	40.0	35.2	92.1	-999
EQ966238.1.trna4	Gln	59.0	49.9	24.0	57.7	40.2	85.0	53.8	50.4	70.7	43.7	7.3	12.8	26.7	3.4	39.9	-999	27.9	54.5	35.1	11.2	53.6	-999
EQ966238.1.trna5	Leu	22.8	5.8	-12.3	2.3	30.5	-9.2	-999	3.3	1.2	-4.2	-999	1.4	-0.7	3.5	11.0	-999	-999	18.5	8.1	3.4	-2.2	-999
EQ966239.1.trna1	Leu	31.4	54.2	6.1	10.3	48.9	39.9	-3.4	34.1	63.5	58.3	113.2	12.1	22.7	14.9	9.9	-999	81.5	53.4	38.3	54.3	28.0	-999
EQ966239.1.trna2	Ala	86.0	41.1	13.6	36.5	29.2	46.8	26.6	52.0	41.7	27.2	-999	-999	22.3	2.7	55.5	-999	2.6	53.0	28.3	5.5	69.8	-999
EQ966239.1.trna3	Leu	34.0	30.6	-9.6	-2.4	39.4	20.2	-999	25.6	46.2	46.6	109.1	3.3	4.0	-5.5	8.9	-999	68.9	36.5	30.1	36.1	13.9	-999
EQ966240.1.trna1	Gly	34.2	21.0	-9.1	20.1	16.1	34.3	41.9	71.1	43.8	21.2	9.1	-13.2	0.3	-13.8	31.1	-999	-3.3	25.0	18.1	-6.5	29.2	-999
EQ966240.1.trna2	Trp	40.5	42.8	21.1	-999	57.8	15.7	-999	28.0	24.7	38.3	11.0	25.9	42.6	36.8	31.1	-999	-0.8	59.5	74.8	38.7	36.8	-23.5
EQ966240.1.trna3	Arg	43.2	70.1	56.9	9.7	43.6	32.9	16.0	39.3	44.5	56.6	12.3	50.2	61.9	17.3	31.4	-20.1	14.5	59.1	65.2	32.9	52.6	14.8
EQ966240.1.trna4	Trp	40.5	42.8	21.1	-999	57.8	15.7	-999	28.0	24.7	38.3	11.0	25.9	42.6	36.8	31.1	-999	-0.8	59.5	74.8	38.7	36.8	-23.5
EQ966240.1.trna5	Cys	65.3	55.7	36.1	21.9	83.2	34.9	0.3	36.6	54.3	36.3	12.0	56.9	40.8	58.7	39.6	-999	9.0	77.7	62.1	52.3	41.2	-999
EQ966241.1.trna1	Ser	5.2	58.1	20.6	20.9	40.4	42.1	-0.9	28.0	48.0	30.2	65.4	-4.5	7.9	1.8	-2.0	-19.5	99.8	49.9	39.4	53.2	29.6	-999
EQ966242.1.trna1	Gly	38.1	28.8	-0.6	26.5	23.1	39.7	50.9	78.6	51.9	22.0	15.5	-0.2	2.6	-4.0	43.8	-6.3	-5.1	33.6	23.3	10.5	33.5	-999
EQ966242.1.trna2	Leu	52.4	17.9	15.0	17.0	41.3	15.1	-999	5.4	14.2	28.4	-5.2	21.9	21.3	25.2	35.9	-999	-6.0	37.8	21.0	18.8	13.9	-999
EQ966242.1.trna3	Leu	49.8	9.0	-0.8	18.1	34.8	14.9	-14.9	12.1	18.9	23.9	-5.1	10.4	16.9	19.3	38.8	-999	-12.8	35.8	15.3	12.5	16.1	-20.0
EQ966243.1.trna1	Asp	37.6	40.7	21.0	80.4	-999	42.0	60.3	53.7	54.5	15.0	-999	13.3	22.4	-999	17.3	-999	-999	45.1	18.1	-999	26.9	-999
EQ966243.1.trna2	Glu	49.9	44.3	4.8	72.1	33.4	39.6	91.3	71.2	57.2	8.0	2.7	-999	19.3	-999	41.2	-999	4.8	47.3	47.0	-999	43.9	-999
EQ966243.1.trna3	Asp	19.1	29.1	5.5	67.5	-999	39.4	43.6	43.9	50.6	0.8	-999	-999	4.5	-999	12.8	-999	-999	15.9	3.4	-999	20.0	-999
EQ966243.1.trna4	Val	62.4	63.7	46.3	36.3	34.9	59.9	41.6	62.1	71.4	60.1	32.6	3.5	45.9	9.3	51.1	-999	44.9	69.2	54.8	32.5	93.0	-999
EQ966243.1.trna5	Val	57.3	58.9	45.8	41.1	38.9	63.9	48.5	44.2	49.9	63.1	15.5	5.0	44.2	24.3	49.6	-999	19.6	65.9	34.1	45.0	96.5	-25.1
EQ966243.1.trna6	Val	27.4	17.6	4.1	8.9	24.0	30.6	5.5	25.7	42.0	23.7	-5.9	-11.9	17.1	0.2	20.7	-999	-7.9	39.8	8.8	28.6	47.5	-13.3
EQ966243.1.trna7	Asp	19.1	29.1	5.5	67.5	-999	39.4	43.6	43.9	50.6	0.8	-999	-999	4.5	-999	12.8	-999	-999	15.9	3.4	-999	20.0	-999
EQ966243.1.trna8	Thr	63.3	49.6	44.8	22.0	64.2	10.9	14.7	37.6	40.2	57.8	-999	55.6	54.6	58.9	29.7	-999	-8.3	85.5	68.4	55.7	35.5	-17.0
EQ966244.1.trna1	Asp	37.6	40.7	21.0	80.4	-999	42.0	60.3	53.7	54.5	15.0	-999	13.3	22.4	-999	17.3	-999	-999	45.1	18.1	-999	26.9	-999
EQ966244.1.trna2	Val	67.5	69.9	50.8	36.3	38.8	59.8	53.7	62.1	71.5	64.8	34.5	8.9	50.7	15.1	58.4	-999	44.9	73.5	60.6	37.9	98.3	-19.0
EQ966244.1.trna3	Val	56.4	70.5	48.3	37.9	42.1	62.9	54.8	50.7	52.7	58.6	23.0	1.5	45.5	22.4	50.8	-999	27.1	68.3	42.0	43.0	101.7	-24.9
EQ966244.1.trna4	Ile	23.8	19.9	5.8	-2.0	28.8	30.7	-2.6	11.5	33.4	29.8	-999	-999	21.1	-0.2	19.6	-999	-7.5	38.7	2.5	24.9	47.1	-23.2
EQ966244.1.trna5	Asp	19.1	29.1	5.5	67.5	-999	39.4	43.6	43.9	50.6	0.8	-999	-999	4.5	-999	12.8	-999	-999	15.9	3.4	-999	20.0	-999
EQ966244.1.trna6	Glu	49.9	44.3	4.8	72.1	33.4	39.6	91.3	71.2	57.2	8.0	2.7	-999	19.3	-999	41.2	-999	4.8	47.3	47.0	-999	43.9	-999
EQ966244.1.trna7	Asp	19.1	29.1	5.5	67.5	-999	39.4	43.6	43.9	50.6	0.8	-999	-999	4.5	-999	12.8	-999	-999	15.9	3.4	-999	20.0	-999
EQ966244.1.trna8	Thr	63.3	49.6	44.8	22.0	64.2	10.9	14.7	37.6	40.2	57.8	-999	55.6	54.6	58.9	29.7	-999	-8.3	85.5	68.4	55.7	35.5	-17.0
EQ966246.1.trna1	Gln	38.4	48.6	20.1	44.0	29.1	75.3	39.5	47.8	56.7	38.3	1.7	-1.8	8.3	-999	26.5	-999	18.2	41.4	20.7	15.6	55.4	-999
EQ966247.1.trna1	Gly	40.7	27.5	8.7	22.5	20.4	33.1	46.6	79.5	50.7	25.2	23.4	0.3	3.5	-8.0	25.4	-16.1	8.0	33.3	26.6	7.0	30.9	-999
EQ966247.1.trna2	Arg	37.0	89.6	56.6	-1.0	46.6	29.5	-999	35.3	32.5	56.8	14.3	39.0	48.9	7.6	14.2	-999	15.5	60.7	60.2	27.3	43.9	-3.2
EQ966248.1.trna1	iMet	31.0	30.2	21.1	-999	31.7	-8.4	-999	-999	20.5	45.9	-999	24.7	61.6	28.0	-999	-999	-11.1	54.8	22.9	45.9	31.8	95.6
EQ966248.1.trna2	Asp	39.7	37.3	15.0	79.2	-999	41.7	57.8	52.8	55.7	9.3	-999	7.2	15.2	-999	21.5	-999	-999	43.1	16.3	-999	26.1	-999
EQ966248.1.trna3	Thr	55.0	56.1	52.2	21.3	50.7	-999	23.9	34.0	33.3	61.3	-999	64.1	55.8	38.4	26.9	-999	-999	82.9	59.4	53.8	31.7	-18.5
EQ966248.1.trna4	His	4.4	33.7	0.7	6.5	10.6	6.2	10.5	31.3	63.4	19.6	12.6	-999	8.4	-999	11.3	-999	-5.4	27.9	0.5	-8.4	31.4	-999
EQ966248.1.trna5	Ser	17.7	58.3	18.0	22.4	51.9	43.0	8.6	31.3	52.4	28.4	70.7	0.4	4.8	5.6	1.5	-13.6	104.5	53.9	44.6	47.9	31.6	-999
EQ966249.1.trna1	Pro	64.9	40.6	2.8	53.1	32.6	38.9	52.7	56.3	59.5	39.9	8.9	-4.6	9.2	-14.0	99.7	-999	-4.8	44.5	41.8	15.2	52.2	-999
EQ966249.1.trna2	Ser	15.0	61.0	21.1	22.2	47.4	40.7	9.1	32.1	45.8	28.2	65.9	5.9	4.7	3.1	-3.6	-16.6	98.7	50.9	42.6	42.8	31.2	-999
EQ966249.1.trna3	Ser	15.0	61.0	21.1	22.2	47.4	40.7	9.1	32.1	45.8	28.2	65.9	5.9	4.7	3.1	-3.6	-16.6	98.7	50.9	42.6	42.8	31.2	-999
EQ966250.1.trna1	Leu	39.3	-0.1	-4.9	9.2	30.1	0.5	-999	-3.3	0.7	11.6	-999	10.0	6.6	14.2	16.3	-999	-999	21.9	0.7	2.9	-3.0	-999
EQ966251.1.trna1	Ser	21.4	24.3	-0.4	-12.6	29.3	14.0	-999	5.6	25.5	15.1	56.9	-16.8	0.9	-999	-999	-999	95.1	31.7	10.4	23.5	10.3	-999
EQ966251.1.trna2	Cys	72.4	55.6	41.9	29.7	88.2	46.7	11.0	44.2	61.7	41.3	-999	54.9	44.6	64.7	37.8	-999	6.0	74.6	62.7	56.0	46.9	-999
EQ966251.1.trna3	Phe	42.1	53.5	28.2	7.6	70.0	15.3	-1.7	22.7	40.7	45.4	10.7	51.5	50.0	79.7	25.7	-999	-2.6	61.4	63.5	55.4	18.1	-21.7
EQ966252.1.trna1	Ala	89.8	53.2	38.7	27.7	63.5	37.7	-999	49.1	35.7	52.1	23.8	37.9	67.2	13.5	61.1	-999	10.5	65.9	59.2	29.8	58.8	-7.3
EQ966252.1.trna2	Val	59.2	70.0	44.5	24.4	42.8	52.2	31.8	43.5	54.1	60.5	21.3	8.0	64.6	30.3	51.5	-999	29.7	77.7	45.8	43.3	96.5	-999
EQ966252.1.trna3	Val	59.2	70.0	44.5	24.4	42.8	52.2	31.8	43.5	54.1	60.5	21.3	8.0	64.6	30.3	51.5	-999	29.7	77.7	45.8	43.3	96.5	-999
EQ966252.1.trna4	Gln	58.4	55.3	29.3	60.9	40.8	92.4	54.2	49.0	70.9	49.6	13.5	11.1	26.7	6.3	41.9	-999	32.6	58.2	36.6	16.6	59.0	-999
EQ966252.1.trna5	Thr	63.3	49.6	44.8	22.1	64.2	10.9	14.6	37.6	40.2	57.8	-999	55.6	54.6	58.9	30.0	-999	-8.3	85.5	68.4	55.7	35.5	-17.0
EQ966252.1.trna6	Val	61.4	68.4	43.8	39.3	33.9	57.7	48.8	47.1	46.8	47.9	17.3	1.6	32.6	1.1	46.7	-999	12.7	56.8	44.4	15.0	97.4	-999
EQ966253.1.trna1	Glu	26.6	48.9	23.9	69.2	-999	40.6	87.0	50.8	45.8	5.6	-999	-8.4	10.4	-999	25.1	-999	-16.4	35.1	43.7	-999	32.3	-999
EQ966253.1.trna2	Gly	47.2	41.3	-16.8	44.6	18.9	45.4	51.4	73.2	53.1	26.2	7.6	-5.9	-3.0	-999	39.8	-999	-11.8	32.3	26.6	-2.3	24.6	-999
EQ966253.1.trna3	Met	55.5	70.2	70.0	44.2	54.1	58.5	17.5	44.5	57.6	96.5	27.6	70.9	102.5	76.1	33.4	-999	17.5	93.0	54.5	65.9	76.9	-3.6
EQ966253.1.trna4	Phe	45.7	44.1	21.2	20.7	72.9	21.1	9.7	25.7	30.2	40.6	-0.4	45.1	39.8	99.2	27.6	-999	-999	56.1	57.7	42.9	17.1	-999
EQ966253.1.trna5	Phe	44.9	43.8	20.9	22.8	73.5	23.5	12.1	28.2	33.7	41.0	3.3	46.6	41.5	98.0	29.3	-999	-999	57.6	61.8	45.5	17.9	-999
EQ966253.1.trna6	Thr	51.2	56.1	43.1	31.9	62.5	39.1	23.6	36.6	58.2	58.7	-999	43.7	68.0	62.3	30.9	-999	14.2	90.4	70.1	62.7	51.9	-3.9
EQ966253.1.trna7	Ser	9.8	59.4	17.5	18.0	46.9	39.3	7.0	34.2	45.2	28.3	58.8	0.1	5.2	-0.4	-4.2	-12.5	89.3	50.1	37.4	44.5	36.0	-999
EQ966253.1.trna8	Phe	45.7	47.6	22.1	22.2	72.8	24.1	12.8	31.6	37.0	42.1	5.4	47.6	44.7	98.9	28.1	-999	-999	58.4	61.2	46.0	20.6	-999
EQ966253.1.trna9	Glu	45.1	46.5	12.7	74.2	31.8	36.4	95.3	73.0	60.7	7.7	11.3	0.1	21.1	-9.4	33.5	-999	8.8	50.1	48.1	16.9	49.7	-999
EQ966254.1.trna1	Met	55.5	70.2	70.0	44.2	54.1	58.5	17.5	44.5	57.6	96.5	27.6	70.9	102.5	76.1	33.4	-999	17.5	93.0	54.5	65.9	76.9	-3.6
EQ966254.1.trna2	Ser	18.2	21.6	-0.2	-11.4	26.0	10.9	-999	2.3	18.7	12.1	52.9	-999	-0.5	-999	-999	-999	93.5	28.7	8.2	-999	5.4	-999
EQ966255.1.trna1	Tyr	45.7	62.5	52.1	24.3	67.0	28.5	12.8	33.2	43.8	66.2	-9.5	65.0	69.9	85.6	26.2	-999	-10.2	75.4	46.8	100.3	50.7	-0.2
EQ966255.1.trna2	Leu	45.9	21.5	15.5	17.5	40.7	15.1	-999	7.2	15.0	26.4	-6.6	22.5	21.5	24.9	32.5	-999	-7.0	39.7	20.4	18.4	17.0	-23.0
EQ966256.1.trna1	Arg	36.2	75.8	47.1	46.9	36.3	59.4	55.8	53.2	63.9	57.8	10.7	26.7	35.9	9.8	33.6	-999	19.8	60.8	51.5	35.0	69.7	-999
EQ966256.1.trna2	iMet	31.0	30.2	21.1	-999	31.7	-8.4	-999	-999	20.5	45.9	-999	24.7	61.6	28.0	-999	-999	-11.1	54.8	22.9	45.9	31.8	95.6
EQ966257.1.trna1	Val	59.9	62.3	50.6	41.2	38.3	59.0	45.9	41.2	43.3	60.2	13.3	6.4	46.8	37.8	51.8	-999	11.3	72.8	23.9	51.9	93.9	-18.3
EQ966259.1.trna1	Gln	49.6	44.0	14.3	49.0	33.9	86.1	42.7	45.4	73.4	45.0	25.3	-999	12.6	-999	34.1	-999	38.7	52.3	26.5	20.4	53.0	-999
EQ966259.1.trna2	Leu	30.1	38.0	-3.4	0.5	38.1	32.5	-5.4	26.3	53.5	51.7	108.9	-1.8	15.4	0.2	17.3	-999	77.4	50.7	38.2	42.1	16.7	-26.9
EQ966262.1.trna1	Ile	63.7	70.0	65.8	17.6	40.7	35.7	8.6	23.3	47.7	99.7	18.2	65.8	67.3	39.2	32.0	-999	1.4	70.6	45.7	39.7	63.5	-0.4
EQ966262.1.trna2	Ile	59.8	70.7	66.7	13.0	37.5	33.4	6.2	19.0	42.5	97.3	16.6	66.1	65.8	36.3	27.1	-999	1.0	68.6	38.9	39.5	56.6	-1.7
EQ966263.1.trna1	Gly	30.6	35.5	-7.6	36.9	15.0	44.2	33.1	72.6	41.3	20.8	-0.3	-6.2	1.4	-999	32.1	-999	-13.5	31.9	28.7	1.3	27.7	-999
EQ966265.1.trna1	Leu	30.1	38.0	-3.4	0.5	38.1	32.5	-5.4	26.3	53.5	51.7	108.9	-1.8	15.4	0.2	17.3	-999	77.4	50.7	38.2	42.1	16.7	-26.9
EQ966265.1.trna2	Gln	54.1	51.9	22.4	50.8	32.1	72.6	46.2	48.7	68.7	43.0	3.3	8.5	18.3	-999	36.8	-999	26.0	50.7	32.8	12.3	56.7	-999
EQ966266.1.trna1	Glu	45.1	46.5	12.7	74.2	31.8	36.4	95.3	73.0	60.7	7.7	11.3	0.1	21.1	-9.4	33.5	-999	8.8	50.1	48.1	16.9	49.7	-999
EQ966266.1.trna2	Glu	45.1	46.5	12.7	74.2	31.8	36.4	95.3	73.0	60.7	7.7	11.3	0.1	21.1	-9.4	33.5	-999	8.8	50.1	48.1	16.9	49.7	-999
EQ966266.1.trna3	Glu	45.1	46.5	12.7	74.2	31.8	36.4	95.3	73.0	60.7	7.7	11.3	0.1	21.1	-9.4	33.5	-999	8.8	50.1	48.1	16.9	49.7	-999
EQ966267.1.trna1	Leu	34.0	30.6	-9.6	-2.4	39.4	20.2	-999	25.6	46.2	46.6	109.1	3.3	4.0	-5.5	8.9	-999	68.9	36.5	30.1	36.1	13.9	-999
EQ966269.1.trna1	Leu	35.0	7.1	-0.0	4.7	31.9	2.1	-13.8	-1.1	2.7	11.5	-999	11.9	3.8	9.7	20.3	-999	-999	21.5	5.9	4.9	2.9	-999
EQ966270.1.trna1	Arg	31.3	88.3	46.5	15.2	34.6	32.8	20.0	26.6	48.8	48.9	37.6	20.9	40.0	3.8	23.5	-999	18.4	63.2	50.5	16.9	54.7	-999
EQ966272.1.trna1	Pro	65.7	48.4	9.1	55.7	32.5	42.7	51.4	61.2	59.1	39.5	12.5	1.2	15.4	-10.0	105.2	-999	-3.7	47.4	41.9	20.3	59.4	-999
EQ966273.1.trna1	Ala	86.0	41.1	13.6	36.5	29.2	46.8	26.6	52.0	41.7	27.2	-999	-999	22.3	2.7	55.5	-999	2.6	53.0	28.3	5.5	69.8	-999
EQ966273.1.trna2	Cys	58.7	56.9	50.8	11.6	85.2	48.8	7.2	36.3	55.9	46.2	3.5	53.4	48.0	68.8	30.1	-999	4.8	74.6	61.9	67.0	45.9	-999
EQ966273.1.trna3	Leu	30.1	38.0	-3.4	0.5	38.1	32.5	-5.4	26.3	53.5	51.7	108.9	-1.8	15.4	0.2	17.3	-999	77.4	50.7	38.2	42.1	16.7	-26.9
EQ966277.1.trna1	Lys	38.4	91.2	77.4	7.2	48.6	42.2	10.1	22.7	40.8	76.8	1.0	86.5	71.6	47.9	5.6	-999	1.4	69.6	46.4	32.7	48.3	-24.2
EQ966277.1.trna2	Lys	38.4	91.2	77.4	7.2	48.6	42.2	10.1	22.7	40.8	76.8	1.0	86.5	71.6	47.9	5.6	-999	1.4	69.6	46.4	32.7	48.3	-24.2
EQ966277.1.trna3	Lys	38.4	91.2	77.4	7.2	48.6	42.2	10.1	22.7	40.8	76.8	1.0	86.5	71.6	47.9	5.6	-999	1.4	69.6	46.4	32.7	48.3	-24.2
EQ966277.1.trna4	Gln	58.4	55.3	29.3	60.9	40.8	92.4	54.2	49.0	70.9	49.6	13.5	11.1	26.7	6.3	41.9	-999	32.6	58.2	36.6	16.6	59.0	-999
EQ966277.1.trna5	Leu	52.4	17.9	15.0	17.0	41.3	15.1	-999	5.4	14.2	28.4	-5.2	21.9	21.3	25.2	35.9	-999	-6.0	37.8	21.0	18.8	13.9	-999
EQ966278.1.trna1	Asp	19.1	29.1	5.5	67.5	-999	39.4	43.6	43.9	50.6	0.8	-999	-999	4.5	-999	12.8	-999	-999	15.9	3.4	-999	20.0	-999
EQ966279.1.trna1	Pro	69.2	43.5	11.3	58.0	46.3	49.8	48.8	58.7	56.0	35.6	10.8	-0.1	12.3	4.1	108.4	-999	-8.1	50.9	45.2	22.5	56.8	-999
EQ966280.1.trna1	Trp	40.5	42.8	21.1	-999	57.8	15.7	-999	28.0	24.7	38.3	11.0	25.9	42.6	36.8	31.1	-999	-0.8	59.5	74.8	38.7	36.8	-23.5
EQ966280.1.trna2	Trp	40.5	42.8	21.1	-999	57.8	15.7	-999	28.0	24.7	38.3	11.0	25.9	42.6	36.8	31.1	-999	-0.8	59.5	74.8	38.7	36.8	-23.5
EQ966280.1.trna3	Arg	49.9	92.0	73.5	18.8	58.8	47.3	28.2	51.6	57.5	70.7	21.2	63.9	76.6	32.0	40.4	-999	27.4	76.8	86.0	50.1	66.1	26.9
EQ966281.1.trna1	Asp	37.6	40.7	21.0	80.4	-999	42.0	60.3	53.7	54.5	15.0	-999	13.3	22.4	-999	17.3	-999	-999	45.1	18.1	-999	26.9	-999
EQ966282.1.trna1	Arg	33.8	86.7	66.3	37.0	42.5	60.6	60.1	48.6	56.3	67.0	21.4	42.1	53.2	20.4	22.3	-999	25.3	65.8	58.2	45.7	68.7	-22.9
EQ966283.1.trna1	Leu	31.4	54.2	6.1	10.3	48.9	39.9	-3.4	34.1	63.5	58.3	113.2	12.1	22.7	14.9	9.9	-999	81.5	53.4	38.3	54.3	28.0	-999
EQ966285.1.trna1	Ile	67.4	67.2	64.7	15.8	42.7	37.8	7.0	26.3	50.1	98.1	13.1	59.6	74.0	46.5	28.5	-999	4.4	73.3	44.5	45.6	66.0	7.5
EQ966285.1.trna2	Lys	38.4	91.2	77.4	7.2	48.6	42.2	10.1	22.7	40.8	76.8	1.0	86.5	71.6	47.9	5.6	-999	1.4	69.6	46.4	32.7	48.3	-24.2
EQ966286.1.trna1	Ala	77.9	51.0	27.7	48.7	44.0	55.2	36.0	51.0	49.0	40.0	9.0	7.9	34.6	4.2	55.2	-22.0	-6.0	60.9	36.0	15.5	71.4	-999
EQ966290.1.trna1	Glu	25.8	51.9	17.3	63.0	-999	33.9	84.1	45.4	39.9	2.3	-999	-3.3	8.8	-999	15.0	-999	-11.7	34.7	39.7	-999	27.6	-999
EQ966290.1.trna2	Glu	25.8	51.9	17.3	63.0	-999	33.9	84.1	45.4	39.9	2.3	-999	-3.3	8.8	-999	15.0	-999	-11.7	34.7	39.7	-999	27.6	-999
EQ966290.1.trna3	iMet	31.0	30.2	21.1	-999	31.7	-8.4	-999	-999	20.5	45.9	-999	24.7	61.6	28.0	-999	-999	-11.1	54.8	22.9	45.9	31.8	95.6
EQ966290.1.trna4	Thr	63.3	49.6	44.8	22.0	64.2	10.9	14.7	37.6	40.2	57.8	-999	55.6	54.6	58.9	29.7	-999	-8.3	85.5	68.4	55.7	35.5	-17.0
EQ966290.1.trna5	Glu	38.4	32.1	2.9	64.0	24.0	33.7	78.8	58.5	46.0	-2.1	-4.3	-999	8.2	-999	28.7	-999	4.8	39.2	37.1	-999	41.7	-999
EQ966292.1.trna1	Tyr	41.9	57.2	52.4	15.6	62.2	37.1	2.6	35.2	51.3	61.6	0.3	64.2	67.5	77.8	18.9	-999	4.7	68.3	38.5	95.1	50.7	9.6
EQ966292.1.trna2	Ser	10.3	59.4	17.4	17.9	43.1	39.3	6.8	34.2	45.2	28.3	67.9	0.1	3.5	-0.4	-5.6	-18.7	97.5	50.1	37.4	44.5	33.1	-999
EQ966293.1.trna1	Ala	89.8	53.2	38.7	27.7	63.5	37.7	-999	49.1	35.7	52.1	23.8	37.9	67.2	13.5	61.1	-999	10.5	65.9	59.2	29.8	58.8	-7.3
EQ966293.1.trna2	Val	59.2	70.0	44.5	24.4	42.8	52.2	31.8	43.5	54.1	60.5	21.3	8.0	64.6	30.3	51.5	-999	29.7	77.7	45.8	43.3	96.5	-999
EQ966293.1.trna3	Trp	30.9	29.4	7.1	-5.5	44.8	2.2	-999	20.8	19.0	30.7	1.9	22.0	34.4	25.8	32.6	-999	-16.6	36.1	55.2	19.8	26.7	-24.4
EQ966293.1.trna4	Val	59.2	70.0	44.5	24.4	42.8	52.2	31.8	43.5	54.1	60.5	21.3	8.0	64.6	30.3	51.5	-999	29.7	77.7	45.8	43.3	96.5	-999
EQ966293.1.trna5	Gln	58.4	55.3	29.3	60.9	40.8	92.4	54.2	49.0	70.9	49.6	13.5	11.1	26.7	6.3	41.9	-999	32.6	58.2	36.6	16.6	59.0	-999
EQ966294.1.trna1	Cys	55.9	41.9	12.2	12.8	72.0	34.1	3.0	18.8	36.4	28.8	-999	29.0	29.2	43.8	22.9	-999	-999	59.1	38.1	32.0	33.6	-999
EQ966297.1.trna1	Asn	38.7	71.9	78.9	36.5	36.8	51.0	20.5	6.2	19.0	50.5	27.9	51.7	62.3	16.3	20.7	-999	20.7	74.7	32.3	36.6	49.3	-999
EQ966299.1.trna1	Pro	64.9	40.6	2.8	53.1	32.6	38.9	52.7	56.3	59.5	39.9	8.9	-4.6	9.2	-14.0	99.7	-999	-4.8	44.5	41.8	15.2	52.2	-999
EQ966299.1.trna2	Pro	65.8	46.2	3.5	52.8	31.1	44.2	50.2	62.1	63.5	40.5	9.0	-3.7	17.9	-4.1	101.7	-999	-0.3	46.1	40.4	19.4	56.1	-999
EQ966302.1.trna1	Arg	30.7	86.3	52.8	-999	41.6	23.6	-999	32.5	28.7	54.9	11.9	35.1	47.7	-2.6	-999	-999	15.3	53.8	54.2	13.7	49.4	8.1
EQ966303.1.trna1	Leu	49.8	32.4	11.4	-999	52.3	34.1	-999	-999	46.3	54.3	93.2	6.5	15.8	11.6	10.7	-999	63.2	49.0	22.7	30.2	28.6	-999
EQ966304.1.trna1	Leu	15.1	48.5	2.3	9.4	38.6	29.7	-0.1	24.9	62.7	39.9	72.9	-16.1	10.1	-999	10.0	-999	77.4	45.4	21.4	14.1	38.2	-999
EQ966306.1.trna1	Ala	94.6	40.9	25.1	46.3	54.0	26.6	13.3	51.6	28.9	35.7	3.1	24.1	49.3	21.1	63.2	-999	-8.7	56.4	51.0	5.8	45.4	-24.0
EQ966307.1.trna1	Val	57.4	67.5	38.2	24.0	44.8	53.8	31.7	41.0	54.1	58.3	22.8	7.2	61.4	34.1	50.6	-999	28.6	77.2	41.8	45.5	94.8	-999
EQ966308.1.trna1	Gly	36.4	26.1	7.6	19.2	19.6	33.2	41.4	80.5	48.9	20.2	21.9	-0.8	3.5	-7.4	25.6	-999	8.4	32.5	21.1	10.3	32.1	-999
EQ966308.1.trna2	Gly	36.4	26.1	7.6	19.2	19.6	33.2	41.4	80.5	48.9	20.2	21.9	-0.8	3.5	-7.4	25.6	-999	8.4	32.5	21.1	10.3	32.1	-999
EQ966308.1.trna3	Ala	96.3	49.3	25.5	47.8	57.9	26.7	13.2	58.4	34.1	44.0	8.7	35.7	58.6	27.4	65.3	-999	-4.6	62.6	54.5	22.9	53.1	-999
EQ966308.1.trna4	Ala	93.2	52.7	39.3	27.7	62.6	36.9	-999	49.5	35.4	50.8	21.3	35.2	65.6	16.4	62.8	-999	9.1	65.1	58.6	24.7	56.5	-8.9
EQ966308.1.trna5	Ala	96.3	49.3	25.5	47.8	57.9	26.7	13.2	58.4	34.1	44.0	8.7	35.7	58.6	27.4	65.3	-999	-4.6	62.6	54.5	22.9	53.1	-999
EQ966308.1.trna6	Ala	96.3	49.3	25.5	47.8	57.9	26.7	13.2	58.4	34.1	44.0	8.7	35.7	58.6	27.4	65.3	-999	-4.6	62.6	54.5	22.9	53.1	-999
EQ966308.1.trna7	Gly	36.4	26.1	7.6	19.2	19.6	33.2	41.4	80.5	48.9	20.2	21.9	-0.8	3.5	-7.4	25.6	-999	8.4	32.5	21.1	10.3	32.1	-999
EQ966309.1.trna1	Gly	36.4	26.1	7.6	19.2	19.6	33.2	41.4	80.5	48.9	20.2	21.9	-0.8	3.5	-7.4	25.6	-999	8.4	32.5	21.1	10.3	32.1	-999
EQ966309.1.trna2	Thr	55.0	56.1	52.2	21.3	50.7	-999	23.9	34.0	33.3	61.3	-999	64.1	55.8	38.4	26.9	-999	-999	82.9	59.4	53.8	31.7	-18.5
EQ966309.1.trna3	Lys	38.4	91.2	77.4	7.2	48.6	42.2	10.1	22.7	40.8	76.8	1.0	86.5	71.6	47.9	5.6	-999	1.4	69.6	46.4	32.7	48.3	-24.2
EQ966309.1.trna4	Gly	36.4	26.1	7.6	19.2	19.6	33.2	41.4	80.5	48.9	20.2	21.9	-0.8	3.5	-7.4	25.6	-999	8.4	32.5	21.1	10.3	32.1	-999
EQ966309.1.trna5	Lys	43.6	95.5	78.7	20.6	50.9	42.5	16.5	30.0	43.7	78.4	4.0	91.7	69.7	49.8	9.5	-999	5.3	71.5	56.2	40.8	50.2	-19.3
EQ966310.1.trna1	Leu	39.8	7.4	1.2	5.5	35.5	0.5	-999	-1.1	-0.2	15.2	-999	17.3	12.8	13.4	23.3	-999	-16.0	25.1	12.1	18.1	7.3	-999
EQ966311.1.trna1	Arg	33.2	90.9	56.8	-6.7	43.3	33.5	-999	28.8	29.5	55.4	11.2	41.0	48.7	5.8	8.3	-999	13.9	62.1	61.4	25.0	44.2	-12.0
EQ966311.1.trna2	Arg	33.2	90.9	56.8	-6.7	43.3	33.5	-999	28.8	29.5	55.4	11.2	41.0	48.7	5.8	8.3	-999	13.9	62.1	61.4	25.0	44.2	-12.0
EQ966313.1.trna1	Thr	63.3	49.6	44.8	22.0	64.2	10.9	14.7	37.6	40.2	57.8	-999	55.6	54.6	58.9	29.7	-999	-8.3	85.5	68.4	55.7	35.5	-17.0
EQ966313.1.trna2	Thr	63.3	49.6	44.8	22.0	64.2	10.9	14.7	37.6	40.2	57.8	-999	55.6	54.6	58.9	29.7	-999	-8.3	85.5	68.4	55.7	35.5	-17.0
EQ966313.1.trna3	Arg	31.3	88.3	46.5	15.2	34.6	32.8	20.0	26.6	48.8	48.9	37.6	20.9	40.0	3.8	23.5	-999	18.4	63.2	50.5	16.9	54.7	-999
EQ966314.1.trna1	Asn	54.9	80.8	103.4	36.3	57.0	50.6	15.6	23.2	32.7	69.9	44.6	68.3	79.8	55.0	30.6	-999	28.0	78.2	45.8	49.0	56.2	-999
EQ966315.1.trna1	Arg	-2.9	56.4	25.1	-999	16.0	11.5	-999	-0.5	8.4	12.9	5.3	5.5	8.8	-999	-999	-999	17.5	30.8	28.6	-6.1	14.6	-999
EQ966315.1.trna2	Ser	14.7	61.0	21.1	22.2	47.7	40.7	9.4	32.1	45.8	28.2	66.2	5.9	5.5	3.1	-3.1	-14.3	100.4	50.9	42.6	42.8	31.2	-999
EQ966315.1.trna3	Arg	33.9	69.3	28.7	29.7	39.0	22.3	24.7	50.7	55.1	54.5	1.3	48.0	45.3	14.5	20.3	-999	-5.3	61.3	63.6	22.5	38.8	-999
EQ966315.1.trna4	Pro	69.2	43.5	11.3	58.0	46.3	49.8	48.8	58.7	56.0	35.6	10.8	-0.1	12.3	4.1	108.4	-999	-8.1	50.9	45.2	22.5	56.8	-999
EQ966316.1.trna1	Arg	33.2	90.9	56.8	-6.7	43.3	33.5	-999	28.8	29.5	55.4	11.2	41.0	48.7	5.8	8.3	-999	13.9	62.1	61.4	25.0	44.2	-12.0
EQ966318.1.trna1	Leu	31.4	54.2	6.1	10.3	48.9	39.9	-3.4	34.1	63.5	58.3	113.2	12.1	22.7	14.9	9.9	-999	81.5	53.4	38.3	54.3	28.0	-999
EQ966318.1.trna2	Leu	18.5	43.3	-6.9	1.5	38.5	26.4	-12.7	23.4	51.3	47.4	96.4	2.5	9.1	3.5	-4.0	-999	72.4	38.9	26.0	42.8	21.1	-999
EQ966322.1.trna1	His	4.3	32.5	8.7	21.7	20.9	31.1	19.1	37.7	73.2	29.6	16.8	-11.8	13.1	-999	2.9	-999	-10.9	31.8	5.7	16.4	35.9	-999
EQ966322.1.trna2	Leu	43.0	14.6	5.7	4.4	35.5	4.4	-999	-2.3	5.1	18.1	-16.9	13.9	15.6	14.5	22.2	-999	-13.1	31.0	12.7	14.6	4.7	-999
EQ966323.1.trna1	Ile	63.4	70.1	66.6	13.2	39.9	34.6	6.9	21.1	45.5	100.1	13.3	62.6	69.4	41.4	26.8	-999	3.6	70.9	37.5	40.5	56.9	4.5
EQ966323.1.trna2	Gly	39.6	52.1	9.5	21.1	36.9	36.4	35.8	72.9	34.5	38.8	21.5	14.0	25.4	-999	35.4	-999	15.9	51.4	52.0	31.5	33.6	-26.2
EQ966323.1.trna3	His	4.3	32.5	8.7	21.7	20.9	31.1	19.1	37.7	73.2	29.6	16.8	-11.8	13.1	-999	2.9	-999	-10.9	31.8	5.7	16.4	35.9	-999
EQ966330.1.trna1	Arg	30.7	86.3	52.8	-999	41.6	23.6	-999	32.5	28.7	54.9	11.9	35.1	47.7	-2.6	-999	-999	15.3	53.8	54.2	13.7	49.4	8.1
EQ966331.1.trna1	Met	55.5	70.2	70.0	44.2	54.1	58.5	17.5	44.5	57.6	96.5	27.6	70.9	102.5	76.1	33.4	-999	17.5	93.0	54.5	65.9	76.9	-3.6
EQ966333.1.trna1	Thr	51.6	56.6	51.6	21.3	54.0	-999	19.9	33.5	33.6	62.6	-999	66.8	57.4	35.5	25.2	-999	-16.1	83.7	60.0	58.9	34.1	-18.5
EQ966333.1.trna2	Thr	57.3	49.6	47.9	22.1	55.5	-999	22.4	29.9	36.7	60.5	-999	57.6	51.8	40.0	32.7	-999	-15.5	85.1	62.0	58.3	29.3	-13.8
EQ966335.1.trna1	Leu	31.4	54.2	6.1	10.3	48.9	39.9	-3.4	34.1	63.5	58.3	113.2	12.1	22.7	14.9	9.9	-999	81.5	53.4	38.3	54.3	28.0	-999
EQ966335.1.trna2	Pro	69.2	43.5	11.3	58.0	46.3	49.8	48.8	58.7	56.0	35.6	10.8	-0.1	12.3	4.1	108.4	-999	-8.1	50.9	45.2	22.5	56.8	-999
EQ966338.1.trna1	Arg	33.2	90.9	56.8	-6.7	43.3	33.5	-999	28.8	29.5	55.4	11.2	41.0	48.7	5.8	8.3	-999	13.9	62.1	61.4	25.0	44.2	-12.0
EQ966339.1.trna1	Asn	38.7	71.9	78.9	36.5	36.8	51.0	20.5	6.2	19.0	50.5	27.9	51.7	62.3	16.3	20.7	-999	20.7	74.7	32.3	36.6	49.3	-999
EQ966340.1.trna1	Ala	96.3	49.3	25.5	47.8	57.9	26.7	13.2	58.4	34.1	44.0	8.7	35.7	58.6	27.4	65.3	-999	-4.6	62.6	54.5	22.9	53.1	-999
EQ966340.1.trna2	Ala	93.2	52.7	39.3	27.7	62.6	36.9	-999	49.5	35.4	50.8	21.3	35.2	65.6	16.4	62.8	-999	9.1	65.1	58.6	24.7	56.5	-8.9
EQ966340.1.trna3	Ala	96.3	49.3	25.5	47.8	57.9	26.7	13.2	58.4	34.1	44.0	8.7	35.7	58.6	27.4	65.3	-999	-4.6	62.6	54.5	22.9	53.1	-999
EQ966341.1.trna1	Phe	43.1	45.4	25.1	9.9	71.4	20.1	6.3	24.5	32.0	46.9	8.1	47.8	42.7	94.7	24.9	-999	-999	57.0	61.4	49.7	16.1	-999
EQ966342.1.trna1	His	5.0	37.5	9.4	20.9	-999	21.2	14.5	34.3	78.2	38.1	8.5	-999	12.6	-999	7.0	-999	-7.6	35.4	11.3	10.1	37.6	-26.7
EQ966345.1.trna1	Gly	38.1	28.8	-0.6	26.5	23.1	39.7	50.9	78.6	51.9	22.0	15.5	-0.2	2.6	-4.0	43.8	-6.3	-5.1	33.6	23.3	10.5	33.5	-999
EQ966346.1.trna1	Ile	62.6	72.8	71.8	17.6	40.8	37.7	10.3	23.1	47.3	101.7	21.4	70.6	66.0	40.8	32.1	-999	2.7	70.5	41.9	43.0	60.5	3.4
EQ966346.1.trna2	Ile	63.7	70.0	65.8	17.6	40.7	35.7	8.6	23.3	47.7	99.7	18.2	65.8	67.3	39.2	32.0	-999	1.4	70.6	45.7	39.7	63.5	-0.4
EQ966347.1.trna1	Gly	43.0	52.3	11.7	24.4	39.6	36.1	43.9	78.4	40.3	40.2	24.4	20.3	25.7	-999	38.5	-999	18.2	51.4	53.6	29.6	35.5	-20.5
EQ966350.1.trna1	Ile	63.4	70.1	66.6	13.2	39.9	34.6	6.9	21.1	45.5	100.1	13.3	62.6	69.4	41.4	26.8	-999	3.6	70.9	37.5	40.5	56.9	4.5
EQ966350.1.trna2	Leu	31.4	54.2	6.1	10.3	48.9	39.9	-3.4	34.1	63.5	58.3	113.2	12.1	22.7	14.9	9.9	-999	81.5	53.4	38.3	54.3	28.0	-999
EQ966353.1.trna1	Ser	18.2	21.6	-0.2	-11.4	26.0	10.9	-999	2.3	18.7	12.1	52.9	-999	-0.5	-999	-999	-999	93.5	28.7	8.2	-999	5.4	-999
EQ966353.1.trna2	Asn	54.9	80.8	103.4	36.3	57.0	50.6	15.6	23.2	32.7	69.9	44.6	68.3	79.8	55.0	30.6	-999	28.0	78.2	45.8	49.0	56.2	-999
EQ966353.1.trna3	Asn	54.9	80.8	103.4	36.3	57.0	50.6	15.6	23.2	32.7	69.9	44.6	68.3	79.8	55.0	30.6	-999	28.0	78.2	45.8	49.0	56.2	-999
EQ966354.1.trna1	Leu	34.0	30.6	-9.6	-2.4	39.4	20.2	-999	25.6	46.2	46.6	109.1	3.3	4.0	-5.5	8.9	-999	68.9	36.5	30.1	36.1	13.9	-999
EQ966356.1.trna1	Gly	34.2	21.0	-9.1	20.1	16.1	34.3	41.9	71.1	43.8	21.2	9.1	-13.2	0.3	-13.8	31.1	-999	-3.3	25.0	18.1	-6.5	29.2	-999
EQ966357.1.trna1	Asp	37.6	40.7	21.0	80.4	-999	42.0	60.3	53.7	54.5	15.0	-999	13.3	22.4	-999	17.3	-999	-999	45.1	18.1	-999	26.9	-999
EQ966359.1.trna1	Gly	43.0	52.3	11.7	24.4	39.6	36.1	43.9	78.4	40.3	40.2	24.4	20.3	25.7	-999	38.5	-999	18.2	51.4	53.6	29.6	35.5	-20.5
EQ966359.1.trna2	Asp	37.6	40.7	21.0	80.4	-999	42.0	60.3	53.7	54.5	15.0	-999	13.3	22.4	-999	17.3	-999	-999	45.1	18.1	-999	26.9	-999
EQ966360.1.trna1	Leu	38.5	10.2	-2.2	-3.0	25.7	0.4	-999	-0.9	2.3	9.2	-999	1.0	7.0	2.7	13.8	-999	-999	27.0	2.7	8.9	-3.9	-999
EQ966361.1.trna1	Ser	4.9	58.1	20.6	20.9	40.7	42.1	-0.6	28.0	48.0	30.2	65.7	-4.5	8.7	1.8	-1.5	-17.4	101.5	49.9	39.4	53.2	29.6	-999
EQ966362.1.trna1	Leu	33.2	23.4	10.9	7.7	47.0	11.8	-15.5	4.8	17.5	23.6	-9.4	19.1	17.6	23.2	25.2	-999	-8.8	34.8	20.2	24.7	8.0	-999
EQ966364.1.trna1	Val	61.4	68.4	43.8	39.3	33.9	57.7	48.8	47.1	46.8	47.9	17.3	1.6	32.6	1.1	46.7	-999	12.7	56.8	44.4	15.0	97.4	-999
EQ966366.1.trna1	Tyr	45.7	62.5	52.1	24.3	67.0	28.5	12.8	33.2	43.8	66.2	-9.5	65.0	69.9	85.6	26.2	-999	-10.2	75.4	46.8	100.3	50.7	-0.2
EQ966367.1.trna1	Pro	65.8	46.2	3.5	52.8	31.1	44.2	50.2	62.1	63.5	40.5	9.0	-3.7	17.9	-4.1	101.7	-999	-0.3	46.1	40.4	19.4	56.1	-999
EQ966367.1.trna2	Lys	38.4	91.2	77.4	7.2	48.6	42.2	10.1	22.7	40.8	76.8	1.0	86.5	71.6	47.9	5.6	-999	1.4	69.6	46.4	32.7	48.3	-24.2
EQ966368.1.trna1	Leu	52.4	17.9	15.0	17.0	41.3	15.1	-999	5.4	14.2	28.4	-5.2	21.9	21.3	25.2	35.9	-999	-6.0	37.8	21.0	18.8	13.9	-999
EQ966370.1.trna1	Cys	65.3	55.7	36.1	21.9	83.2	34.9	0.3	36.6	54.3	36.3	12.0	56.9	40.8	58.7	39.6	-999	9.0	77.7	62.1	52.3	41.2	-999
EQ966370.1.trna2	Trp	40.5	42.8	21.1	-999	57.8	15.7	-999	28.0	24.7	38.3	11.0	25.9	42.6	36.8	31.1	-999	-0.8	59.5	74.8	38.7	36.8	-23.5
EQ966371.1.trna1	Val	60.9	61.5	50.6	40.4	43.1	63.3	44.1	41.5	48.1	62.2	21.5	4.3	48.8	36.8	57.0	-999	20.0	74.6	30.0	53.4	100.7	-11.5
EQ966371.1.trna2	Glu	18.1	37.4	10.9	62.6	11.4	36.7	80.4	49.7	36.3	1.4	-999	-999	1.7	-999	17.9	-999	-12.6	25.8	36.9	-999	24.5	-999
EQ966371.1.trna3	Gly	47.2	41.3	-16.8	44.6	18.9	45.4	51.4	73.2	53.1	26.2	7.6	-5.9	-3.0	-999	39.8	-999	-11.8	32.3	26.6	-2.3	24.6	-999
EQ966374.1.trna1	Phe	44.9	43.8	20.9	22.8	73.5	23.5	12.1	28.2	33.7	41.0	3.3	46.6	41.5	98.0	29.3	-999	-999	57.6	61.8	45.5	17.9	-999
EQ966374.1.trna2	Met	55.5	70.2	70.0	44.2	54.1	58.5	17.5	44.5	57.6	96.5	27.6	70.9	102.5	76.1	33.4	-999	17.5	93.0	54.5	65.9	76.9	-3.6
EQ966374.1.trna3	Phe	45.7	44.1	21.2	20.7	72.9	21.1	9.7	25.7	30.2	40.6	-0.4	45.1	39.8	99.2	27.6	-999	-999	56.1	57.7	42.9	17.1	-999
EQ966374.1.trna4	Phe	44.9	43.8	20.9	22.8	73.5	23.5	12.1	28.2	33.7	41.0	3.3	46.6	41.5	98.0	29.3	-999	-999	57.6	61.8	45.5	17.9	-999
EQ966375.1.trna1	Ser	36.8	34.0	1.9	9.3	50.7	26.9	3.1	17.9	45.6	29.7	60.9	17.0	-999	-999	-11.0	-999	103.6	46.3	24.5	42.4	2.9	-999
EQ966377.1.trna1	Ser	18.2	21.6	-0.2	-11.4	26.0	10.9	-999	2.3	18.7	12.1	52.9	-999	-0.5	-999	-999	-999	93.5	28.7	8.2	-999	5.4	-999
EQ966379.1.trna1	Gln	49.6	44.0	14.3	49.0	33.9	86.1	42.7	45.4	73.4	45.0	25.3	-999	12.6	-999	34.1	-999	38.7	52.3	26.5	20.4	53.0	-999
EQ966382.1.trna1	Lys	38.4	91.2	77.4	7.2	48.6	42.2	10.1	22.7	40.8	76.8	1.0	86.5	71.6	47.9	5.6	-999	1.4	69.6	46.4	32.7	48.3	-24.2
EQ966382.1.trna2	Lys	43.6	95.5	78.7	20.6	50.9	42.5	16.5	30.0	43.7	78.4	4.0	91.7	69.7	49.8	9.5	-999	5.3	71.5	56.2	40.8	50.2	-19.3
EQ966382.1.trna3	Lys	38.4	91.2	77.4	7.2	48.6	42.2	10.1	22.7	40.8	76.8	1.0	86.5	71.6	47.9	5.6	-999	1.4	69.6	46.4	32.7	48.3	-24.2
EQ966382.1.trna4	iMet	31.0	30.2	21.1	-999	31.7	-8.4	-999	-999	20.5	45.9	-999	24.7	61.6	28.0	-999	-999	-11.1	54.8	22.9	45.9	31.8	95.6
EQ966388.1.trna1	Ala	77.9	51.0	27.7	48.7	44.0	55.2	36.0	51.0	49.0	40.0	9.0	7.9	34.6	4.2	55.2	-22.0	-6.0	60.9	36.0	15.5	71.4	-999
EQ966389.1.trna1	Asp	19.1	29.1	5.5	67.5	-999	39.4	43.6	43.9	50.6	0.8	-999	-999	4.5	-999	12.8	-999	-999	15.9	3.4	-999	20.0	-999
EQ966390.1.trna1	Val	59.2	70.0	44.5	24.4	42.8	52.2	31.8	43.5	54.1	60.5	21.3	8.0	64.6	30.3	51.5	-999	29.7	77.7	45.8	43.3	96.5	-999
EQ966401.1.trna1	Arg	46.3	93.6	74.9	11.1	51.9	46.6	24.7	51.9	55.9	65.5	19.2	64.9	71.9	20.8	35.0	-16.1	25.3	69.9	83.3	41.3	65.5	24.9
EQ966401.1.trna2	Gly	42.3	54.2	14.6	25.9	40.2	40.6	39.9	77.0	39.2	43.1	26.3	18.5	25.6	-999	40.4	-999	17.6	53.2	55.0	35.0	37.5	-21.1
EQ966401.1.trna3	Ile	63.4	70.1	66.6	13.2	39.9	34.6	6.9	21.1	45.5	100.1	13.3	62.6	69.4	41.4	26.8	-999	3.6	70.9	37.5	40.5	56.9	4.5
EQ966401.1.trna4	Arg	46.3	93.6	74.9	11.1	51.9	46.6	24.7	51.9	55.9	65.5	19.2	64.9	71.9	20.8	35.0	-16.1	25.3	69.9	83.3	41.3	65.5	24.9
EQ966402.1.trna1	Ile	70.4	67.8	53.6	51.0	56.0	57.6	18.5	36.6	54.4	92.7	13.7	48.0	67.7	62.1	39.5	-999	1.6	77.2	61.3	49.8	60.9	-29.7
EQ966403.1.trna1	Gly	40.7	27.5	8.7	22.5	20.4	33.1	46.6	79.5	50.7	25.2	23.4	0.3	3.5	-8.0	25.4	-16.1	8.0	33.3	26.6	7.0	30.9	-999
EQ966413.1.trna1	Glu	45.1	46.5	12.7	74.2	31.8	36.4	95.3	73.0	60.7	7.7	11.3	0.1	21.1	-9.4	33.5	-999	8.8	50.1	48.1	16.9	49.7	-999
EQ966418.1.trna1	Val	52.2	67.4	39.0	23.8	38.2	46.9	31.9	42.4	41.8	55.5	11.7	14.0	63.2	25.9	41.4	-999	21.6	71.2	40.0	35.2	92.1	-999
EQ966418.1.trna2	Gln	42.9	37.9	7.7	47.3	34.7	66.6	47.3	47.3	70.0	30.8	7.6	5.5	10.1	-999	27.4	-999	15.5	46.0	31.4	-0.9	35.5	-999
EQ966418.1.trna3	Val	59.2	70.0	44.5	24.4	42.8	52.2	31.8	43.5	54.1	60.5	21.3	8.0	64.6	30.3	51.5	-999	29.7	77.7	45.8	43.3	96.5	-999
EQ966424.1.trna1	Asp	39.7	37.3	15.0	79.2	-999	41.7	57.8	52.8	55.7	9.3	-999	7.2	15.2	-999	21.5	-999	-999	43.1	16.3	-999	26.1	-999
EQ966424.1.trna2	His	4.4	33.7	0.7	6.5	10.6	6.2	10.5	31.3	63.4	19.6	12.6	-999	8.4	-999	11.3	-999	-5.4	27.9	0.5	-8.4	31.4	-999
EQ966425.1.trna1	Leu	31.4	54.2	6.1	10.3	48.9	39.9	-3.4	34.1	63.5	58.3	113.2	12.1	22.7	14.9	9.9	-999	81.5	53.4	38.3	54.3	28.0	-999
EQ966429.1.trna1	iMet	31.0	30.2	21.1	-999	31.7	-8.4	-999	-999	20.5	45.9	-999	24.7	61.6	28.0	-999	-999	-11.1	54.8	22.9	45.9	31.8	95.6
EQ966430.1.trna1	Glu	44.1	43.5	9.7	70.7	28.2	29.4	89.6	67.9	58.1	0.2	4.3	-2.0	13.8	-14.1	30.3	-999	3.5	46.5	43.8	13.7	46.7	-999
EQ966435.1.trna1	Glu	44.4	42.6	11.5	74.8	32.5	35.8	94.6	69.6	57.4	6.7	9.2	-0.9	17.8	-999	34.7	-999	6.8	49.3	48.7	16.4	46.9	-999
EQ966436.1.trna1	Ala	86.0	41.1	13.6	36.5	29.2	46.8	26.6	52.0	41.7	27.2	-999	-999	22.3	2.7	55.5	-999	2.6	53.0	28.3	5.5	69.8	-999
EQ966446.1.trna1	Gly	30.6	35.5	-7.6	36.9	15.0	44.2	33.1	72.6	41.3	20.8	-0.3	-6.2	1.4	-999	32.1	-999	-13.5	31.9	28.7	1.3	27.7	-999
EQ966451.1.trna1	Thr	60.6	45.0	40.9	19.0	66.8	6.1	13.4	37.6	39.0	52.8	-999	55.3	50.9	53.6	21.9	-999	-7.5	84.9	67.1	58.8	35.0	-17.0
EQ966454.1.trna1	Pro	59.9	58.4	12.4	38.2	58.2	48.9	39.0	53.0	62.4	31.6	28.5	-1.7	22.6	1.3	88.2	-999	5.1	61.2	51.8	25.9	47.9	-999
EQ966456.1.trna1	Leu	52.4	17.9	15.0	17.0	41.3	15.1	-999	5.4	14.2	28.4	-5.2	21.9	21.3	25.2	35.9	-999	-6.0	37.8	21.0	18.8	13.9	-999
EQ966456.1.trna2	Arg	37.0	89.6	56.6	-1.0	46.6	29.5	-999	35.3	32.5	56.8	14.3	39.0	48.9	7.6	14.2	-999	15.5	60.7	60.2	27.3	43.9	-3.2
EQ966458.1.trna1	Gln	54.1	51.9	22.4	50.8	32.1	72.6	46.2	48.7	68.7	43.0	3.3	8.5	18.3	-999	36.8	-999	26.0	50.7	32.8	12.3	56.7	-999
EQ966460.1.trna1	Glu	45.1	46.5	12.7	74.2	31.8	36.4	95.3	73.0	60.7	7.7	11.3	0.1	21.1	-9.4	33.5	-999	8.8	50.1	48.1	16.9	49.7	-999
EQ966460.1.trna2	Glu	45.1	46.5	12.7	74.2	31.8	36.4	95.3	73.0	60.7	7.7	11.3	0.1	21.1	-9.4	33.5	-999	8.8	50.1	48.1	16.9	49.7	-999
EQ966468.1.trna1	Lys	38.4	91.2	77.4	7.2	48.6	42.2	10.1	22.7	40.8	76.8	1.0	86.5	71.6	47.9	5.6	-999	1.4	69.6	46.4	32.7	48.3	-24.2
EQ966468.1.trna2	Lys	38.4	91.2	77.4	7.2	48.6	42.2	10.1	22.7	40.8	76.8	1.0	86.5	71.6	47.9	5.6	-999	1.4	69.6	46.4	32.7	48.3	-24.2
EQ966470.1.trna1	Tyr	44.8	57.3	51.5	21.0	60.7	35.1	6.8	39.1	51.7	61.9	-6.3	66.1	67.0	81.7	18.7	-999	-3.5	68.5	39.3	93.7	50.7	4.1
EQ966483.1.trna1	Leu	51.6	12.1	13.8	25.8	42.2	13.7	-12.6	19.8	23.2	27.5	-6.9	24.2	20.9	33.9	40.0	-999	-999	41.6	27.5	25.2	24.5	-23.7
EQ966484.1.trna1	Asn	54.9	80.8	103.4	36.3	57.0	50.6	15.6	23.2	32.7	69.9	44.6	68.3	79.8	55.0	30.6	-999	28.0	78.2	45.8	49.0	56.2	-999
EQ966484.1.trna2	Val	61.4	68.4	43.8	39.3	33.9	57.7	48.8	47.1	46.8	47.9	17.3	1.6	32.6	1.1	46.7	-999	12.7	56.8	44.4	15.0	97.4	-999
EQ966499.1.trna1	Leu	30.1	38.0	-3.4	0.5	38.1	32.5	-5.4	26.3	53.5	51.7	108.9	-1.8	15.4	0.2	17.3	-999	77.4	50.7	38.2	42.1	16.7	-26.9
EQ966511.1.trna1	Gly	43.0	52.3	11.7	24.4	39.6	36.1	43.9	78.4	40.3	40.2	24.4	20.3	25.7	-999	38.5	-999	18.2	51.4	53.6	29.6	35.5	-20.5
EQ966514.1.trna1	Arg	-8.9	47.3	13.2	-999	11.7	4.0	-999	-3.9	-1.2	11.7	-1.6	2.0	-0.4	-999	-999	-999	4.6	21.6	18.8	-11.6	9.0	-999
EQ966514.1.trna2	Ser	14.7	61.0	21.1	22.2	47.7	40.7	9.4	32.1	45.8	28.2	66.2	5.9	5.5	3.1	-3.1	-14.3	100.4	50.9	42.6	42.8	31.2	-999
EQ966514.1.trna3	Arg	33.9	69.3	28.7	29.7	39.0	22.3	24.7	50.7	55.1	54.5	1.3	48.0	45.3	14.5	20.3	-999	-5.3	61.3	63.6	22.5	38.8	-999
EQ966515.1.trna1	Lys	38.4	91.2	77.4	7.2	48.6	42.2	10.1	22.7	40.8	76.8	1.0	86.5	71.6	47.9	5.6	-999	1.4	69.6	46.4	32.7	48.3	-24.2
EQ966518.1.trna1	Thr	51.2	56.1	43.1	31.9	62.5	39.1	23.6	36.6	58.2	58.7	-999	43.7	68.0	62.3	30.9	-999	14.2	90.4	70.1	62.7	51.9	-3.9
EQ966519.1.trna1	Arg	31.9	83.8	61.4	35.6	37.2	57.3	60.1	51.2	53.9	62.5	20.9	38.1	48.7	15.2	19.7	-999	24.7	60.4	55.6	38.6	64.7	-28.6
EQ966520.1.trna1	Leu	28.6	-5.6	-14.3	-999	26.5	-3.3	-999	-999	17.6	23.0	52.6	-999	-999	-12.4	-999	-999	28.2	17.0	-999	-10.4	-2.3	-999
EQ966527.1.trna1	Pro	69.2	43.5	11.3	58.0	46.3	49.8	48.8	58.7	56.0	35.6	10.8	-0.1	12.3	4.1	108.4	-999	-8.1	50.9	45.2	22.5	56.8	-999
EQ966548.1.trna1	Gly	36.4	26.1	7.6	19.2	19.6	33.2	41.4	80.5	48.9	20.2	21.9	-0.8	3.5	-7.4	25.6	-999	8.4	32.5	21.1	10.3	32.1	-999
EQ966564.1.trna1	Ile	63.4	70.1	66.6	13.2	39.9	34.6	6.9	21.1	45.5	100.1	13.3	62.6	69.4	41.4	26.8	-999	3.6	70.9	37.5	40.5	56.9	4.5
EQ966588.1.trna1	Leu	52.4	17.9	15.0	17.0	41.3	15.1	-999	5.4	14.2	28.4	-5.2	21.9	21.3	25.2	35.9	-999	-6.0	37.8	21.0	18.8	13.9	-999
EQ966605.1.trna1	Phe	42.1	53.5	28.2	7.6	70.0	15.3	-1.7	22.7	40.7	45.4	10.7	51.5	50.0	79.7	25.7	-999	-2.6	61.4	63.5	55.4	18.1	-21.7
EQ966704.1.trna1	Leu	52.4	17.9	15.0	17.0	41.3	15.1	-999	5.4	14.2	28.4	-5.2	21.9	21.3	25.2	35.9	-999	-6.0	37.8	21.0	18.8	13.9	-999
EQ966706.1.trna1	Tyr	45.0	58.7	51.0	24.8	67.7	28.0	12.1	29.8	40.5	65.1	-11.6	64.0	66.7	84.7	27.4	-999	-12.1	74.6	47.4	99.7	47.9	-3.9
EQ966733.1.trna1	Thr	63.3	49.6	44.8	22.1	64.2	10.9	14.6	37.6	40.2	57.8	-999	55.6	54.6	58.9	30.0	-999	-8.3	85.5	68.4	55.7	35.5	-17.0
EQ966762.1.trna1	Pro	59.9	58.4	12.4	38.2	58.2	48.9	39.0	53.0	62.4	31.6	28.5	-1.7	22.6	1.3	88.2	-999	5.1	61.2	51.8	25.9	47.9	-999
EQ966847.1.trna1	Ser	9.8	59.4	17.5	18.0	46.9	39.3	7.0	34.2	45.2	28.3	58.8	0.1	5.2	-0.4	-4.2	-12.5	89.3	50.1	37.4	44.5	36.0	-999
EQ966860.1.trna1	Gly	43.0	52.3	11.7	24.4	39.6	36.1	43.9	78.4	40.3	40.2	24.4	20.3	25.7	-999	38.5	-999	18.2	51.4	53.6	29.6	35.5	-20.5
EQ966886.1.trna1	Pro	69.2	43.5	11.3	58.0	46.3	49.8	48.8	58.7	56.0	35.6	10.8	-0.1	12.3	4.1	108.4	-999	-8.1	50.9	45.2	22.5	56.8	-999
EQ966971.1.trna1	Tyr	45.7	62.5	52.1	24.3	67.0	28.5	12.8	33.2	43.8	66.2	-9.5	65.0	69.9	85.6	26.2	-999	-10.2	75.4	46.8	100.3	50.7	-0.2
EQ967042.1.trna1	Glu	45.1	46.5	12.7	74.2	31.8	36.4	95.3	73.0	60.7	7.7	11.3	0.1	21.1	-9.4	33.5	-999	8.8	50.1	48.1	16.9	49.7	-999
EQ967043.1.trna1	Gly	30.6	35.5	-7.6	36.9	15.0	44.2	33.1	72.6	41.3	20.8	-0.3	-6.2	1.4	-999	32.1	-999	-13.5	31.9	28.7	1.3	27.7	-999
EQ967083.1.trna1	Arg	46.3	93.6	74.9	11.1	51.9	46.6	24.7	51.9	55.9	65.5	19.2	64.9	71.9	20.8	35.0	-16.1	25.3	69.9	83.3	41.3	65.5	24.9
EQ967398.1.trna1	Leu	52.4	17.9	15.0	17.0	41.3	15.1	-999	5.4	14.2	28.4	-5.2	21.9	21.3	25.2	35.9	-999	-6.0	37.8	21.0	18.8	13.9	-999
